EXPERIMENT_ID	51_Hf03_BlCM_Ct_H3K27me3_B_1
SAMPLE_ID	51_Hf03_BlCM_Ct
TECHNICAL_REPLICATE_ID	1
BIOLOGICAL_REPLICATE_ID	NO
CONTACT_PERSON	Na Li(nali@molgen.mpg.de)
CONTACT_LAB	Epigenomics Lab at the Max Planck Institute for Molecular Genetics
EXPERIMENT_DATE	10/31/2014
EXPERIMENT_TYPE	ChIP-seq
EXTRACTION_PROTOCOL	Lysis (100mM NaCl, 50 mM Tris-HCl pH8.1, 0.2% NaN3, 1%SDS, 3% Triton X-100) dilution for sonification to 0.33% SDS with (50 mM Tris-HCl pH8.6, 100mM NaCl, 5mM EDTA pH 8.0, 0.2% NaN3)
EXTRACTION_PROTOCOL_STARTING_NR_CELLS	2,350,000 cells
EXTRACTION_PROTOCOL_SONICATION_FRAGMENT_SIZE_RANGE	150-400
BISULFITE_CONVERSION_PROTOCOL	N/A
LIBRARY_GENERATION_ADAPTOR_LIGATION_PROTOCOL	Diagenode Microplex Library preparation Kit (C05010010)
LIBRARY_GENERATION_ADAPTOR_SEQUENCE	5’ AATGATACGGCGACCACCGAGATCTACACTCTTTCCCTACACGACGCTCTTCCGATCT---Insert---AGATCGGAAGAGCACACGTCTGAACTCCAGTCACCAGATCATCTCGTATGCCGTCTTCTGCTTG 3’ 3’ TTACTATGCCGCTGGTGGCTCTAGATGTGAGAAAGGGATGTGCTGCGAGAAGGCTAGA---Insert---TCTAGCCTTCTCGTGTGCAGACTTGAGGTCAGTGGTCTAGTAGAGCATACGGCAGAAGACGAAC 5’
LIBRARY_GENERATION_PROTOCOL	refer to manufacturer instruction
LIBRARY_GENERATION_INITIAL_INPUT_QNTY	2 ng
LIBRARY_GENERATION_PCR_F_PRIMER_SEQUENCE	Universal PCR Primer for Illumina 5'-AATGATACGGCGACCACCGAGATCTACACTCTTTCCCTACACGACGCTCTTCCGATC*T-3'
LIBRARY_GENERATION_PCR_NUMBER_CYCLES	10
LIBRARY_GENERATION_PCR_POLYMERASE_TYPE	similar or better than KAPA HiFi polymerase
LIBRARY_GENERATION_PCR_PRIMER_CONC	not given in the protocol
LIBRARY_GENERATION_PCR_PRODUCT_ISOLATION_PROTOCOL	Agencourt AMPure XP Beads (Beckman Coulter)
LIBRARY_GENERATION_PCR_R_PRIMER_SEQUENCE	Index 7 Primer 5´-CAAGCAGAAGACGGCATACGAGATGTCTAGGTGACTGGAGTTCAGACGTGTGCTCTTCCGATC-s-T-3´
LIBRARY_GENERATION_PCR_TEMPLATE_CONC	N/A
LIBRARY_GENERATION_PCR_THERMOCYCLING_PROGRAM	6 Steps: 1 Cycle: 72°C for 3 min; 1 Cycle: 85°C for 2 min; 1 Cycle: 98°C for 2 min; 4 Cycles: 98°C for 20 sec, 67°C 20 sec, 72°C for 50sec;10 Cycles: 98°C for 20 sec, 72°C for 50 sec; Hold at 4°C
LIBRARY_GENERATION_PCR_PRODUCT_LENGTH	200-1000
LIBRARY_GENERATION_FRAGMENT_SIZE_SELECTION	0.56 AMPure XP Bead mixture (to remove fragments greater than 1000bp) and 0.95AMPure XP Bead mixture (to remove fragments smaller than 200bp)
LIBRARY_GENERATION_cDNA_FRAGMENTATION	N/A
CHIP_PROTOCOL	Auto Histone ChIP Kit (Diagenode)
CHIP_PROTOCOL_CHROMATIN_AMOUNT	260,000 cells/ChIP
CHIP_ANTIBODY	H3K27me3
CHIP_ANTIBODY_CATALOG	pAb-195-050
CHIP_ANTIBODY_LOT	A1811-001P
CHIP_ANTIBODY_PROVIDER	Diagenode
CHIP_PROTOCOL_ANTIBODY_AMOUNT	1 µg
CHIP_PROTOCOL_BEAD_AMOUNT	10 µl
CHIP_PROTOCOL_BEAD_TYPE	protein A beads (Diagenode)
CHIP_PROTOCOL_PERC_CH2O_CROSSLINKING	1% formaldehyde
CHIP_PROTOCOL_DURATION_CROSSLINKING	5 min
CHIP_PROTOCOL_SHEARING_METHOD	bioruptor pico
CHIP_PROTOCOL_SHEARING_CYCLES	4 x10 cycles of 30 seconds ON, 30 seconds OFF
CHIP_PROTOCOL_SHEARING_FREQUENCY	High frequency
CHIP_PROTOCOL_IPSTAR_CONDITIONS	Indirect method. ChIP_16_IPure_200_11h antibody incubation and 7h bead incubation
ChromatinAccessibility_METHOD	N/A
ChromatinAccessibility_PROTOCOL	N/A
ChromatinAccessibility_CHROMATIN_AMOUNT	N/A
ChromatinAccessibility_ENZYME	N/A
ChromatinAccessibility_ENZYME_PROVIDER	N/A
ChromatinAccessibility_ENZYME_LOT	N/A
ChromatinAccessibility_CHROMATIN_STATUS	N/A
ChromatinAccessibility_ENZYME_AMOUNT	N/A
RNA_PROTOCOL_ENRICHMENT	N/A
RNA_cDNA_PREPARATION_INITIAL_RNA_QNTY	N/A
RNA_cDNA_PREPARATION_PCR_NUMBER_CYCLES	N/A
RNA_cDNA_PREPARATION_REVERSE_TRANSCRIPTION_PROTOCOL	N/A
RNA_EXTRACTION_PROTOCOL_FRAGMENTATION	N/A
RNA_PREPARATION_FRAGMENT_SIZE_RANGE	N/A
RNA_PREPARATION_INITIAL_QNTY	N/A
RNA_EXTRACTION_PROTOCOL	N/A
RNA_PREPARATION_3'_RNA ADAPTER_LIGATION_PROTOCOL	N/A
RNA_PREPARATION_3'_RNA_ADAPTER_SEQUENCE	N/A
RNA_PREPARATION_5'_DEPHOSPHORYLATION	N/A
RNA_PREPARATION_5'_PHOSPHORYLATION	N/A
RNA_PREPARATION_5'_RNA_ADAPTER_LIGATION_PROTOCOL	N/A
RNA_PREPARATION_5'_RNA_ADAPTER_SEQUENCE	N/A
RNA_PREPARATION_REVERSE_TRANSCRIPTION_PRIMER_SEQUENCE	N/A
RNA_PREPARATION_REVERSE_TRANSCRIPTION_PROTOCOL	N/A

